20
-18
0
0
0
-4
3
3
3
3
3
3
3
3
1
3
3
3
3
3
3
1
-7
3
3
-3
3
8
26
6
8
10
20
32
-20
-2
3
6
6
5
6
-2
-2
-2
-19
-19
0
8
8
-14
-4
6
-16
-16
-16
6
-16
6
6
6
6
-4
-14
-14
-34
26
11
26
2
18
24
-4
34
22
-14
-6
0
14
20
-4
8
4
-24
-22
0
0
0
0
0
8
3
14
3
30
30
18
24
36
7
22
5
-30
36
12
12
-2
7
8
4
-42
10
10
36
-54
3
-24
-6
-6
-7
-8
-2
-19
-13
3
-24
-3
36
7
7
11
6
6
6
38
3
-34
-12
-30
-38
3
3
20
20
28
14
20
4
8
14
8
0
2
-4
44
16
16
26
-12
6
-8
-44
3
3
-48
0
0
3
11
0
6
26
-6
26
34
16
-14
-42
16
4
46
40
8
50
26
48
0
0
0
0
38
38
38
48
-2
2
15
12
2
0
1
11
13
40
40
-2
54
54
40
-2
46
46
1
61
0
9
10
42
44
50
-12
-12
-1
50
30
3
-5
3
20
20
12
12
12
42
42
42
42
30
13
30
30
26
40
40
40
40
40
32
0
40
38
38
38
38
32
32
32
38
38
38
38
4
4
51
10
4
6
4
4
-14
-14
50
-6
-6
-6
-6
-6
20
-6
11
-2
6
7
-6
4
7
-6
-6
9
4
-6
-6
-6
9
9
21
-6
-6
-6
-6
-6
-6
-6
-6
20
40
16
11
-1
16
-6
16
32
-3
-1
-3
-9
-1
12
1
-5
8
42
3
14
-8
-2
1
-2
-2
-2
1
-2
-2
-2
1
-2
26
3
3
3
1
3
3
3
3
3
-5
-4
18
-4
18
